8 19 1
13 16 -1
8 17 1
16 -1
13 23 -1
20 1
12 14 19 -1
18 -1
17 1
15 -1
13 17 -1
12 18 1
12 19 1
20 1
5 13 23 -1
7 18 -1
11 21 1
11 21 1
20 1
21 1
18 -1
19 -1
11 21 0
17 -1
16 19 1
15 -1
15 -1
12 22 0
21 1
13 17 -1
12 20 1
16 -1
20 1
17 -1
17 1
20 0
19 1
21 1
18 1
20 1
8 18 1
20 1
21 1
16 -1
17 1
21 0
13 23 0
13 23 -1
12 19 1
6 10 12 20 1
10 20 1
17 -1
20 1
8 14 24 -1
7 12 21 1
19 0
14 17 1
11 21 1
15 -1
12 20 1
17 -1
13 23 0
19 1
12 16 1
19 0
16 -1
19 1
11 21 1
21 1
17 1
15 -1
17 -1
10 14 24 0
20 1
16 -1
5 7 18 1
20 0
13 23 -1
14 16 -1
16 1
19 -1
19 1
20 1
13 16 -1
13 15 0
7 17 1
20 1
21 1
20 1
15 1
20 0
9 18 1
13 23 -1
5 11 21 1
16 1
16 -1
12 15 -1
16 -1
15 -1
6 16 0
14 23 -1
16 13 23 -1
11 12 21 1
17 -1
16 -1
14 24 0
5 12 16 1
16 1
20 1
20 1
14 23 -1
14 22 0
17 -1
14 18 1
11 13 20 1
14 20 1
17 1
10 19 1
16 13 16 -1
10 21 1
17 0
17 19 1
17 0
18 1
8 18 1
12 13 16 -1
21 1
7 17 1
12 22 -1
7 18 1
17 1
21 1
10 21 1
15 1
18 1
20 1
17 -1
17 -1
12 22 -1
4 14 16 1
7 18 -1
13 20 -1
8 18 1
6 17 17 -1
14 23 -1
18 -1
18 -1
5 7 10 15 -1
18 -1
7 17 0
12 18 1
13 14 18 1
15 -1
18 1
19 1
15 1
20 -1
11 12 16 1
12 22 -1
13 19 -1
9 16 -1
21 1
20 1
20 1
15 -1
13 23 -1
20 1
7 17 -1
12 20 1
14 21 1
13 14 18 -1
20 1
13 14 24 -1
13 20 1
14 21 1
17 -1
11 21 1
19 1
20 0
10 18 -1
9 12 18 1
6 8 13 19 -1
7 12 22 0
13 20 1
20 1
14 20 1
11 15 1
9 17 1
13 20 1
14 18 0
14 18 -1
20 0
20 0
12 22 0
20 1
17 -1
9 19 0
14 24 0
12 12 22 -1
14 19 0
20 1
15 -1
20 1
21 1
15 -1
4 10 21 0
13 21 0
7 17 1
9 15 1
19 1
6 12 18 -1
19 1
14 23 -1
11 21 1
12 19 1
8 12 22 -1
20 1
12 15 1
13 19 1
9 19 1
8 13 23 0
16 -1
17 1
15 -1
14 18 1
16 -1
21 1
15 -1
6 8 10 20 1
11 16 -1
15 15 -1
17 -1
20 1
11 19 -1
12 15 -1
17 -1
11 14 24 -1
5 15 -1
13 19 -1
13 23 -1
15 17 13 17 -1
20 0
21 1
19 1
11 21 1
18 -1
16 -1
7 12 18 0
18 1
14 24 -1
14 17 -1
15 -1
20 1
16 -1
12 20 1
13 23 -1
17 1
14 18 1
12 13 23 -1
17 17 0
17 -1
9 11 21 1
12 22 -1
14 24 -1
16 0
17 -1
16 1
20 1
11 21 1
17 -1
20 1
14 23 -1
16 -1
11 12 22 -1
11 17 1
9 20 0
16 -1
18 1
18 1
13 15 1
14 17 -1
21 0
12 21 1
18 -1
7 15 -1
20 1
9 19 1
19 1
18 -1
9 12 21 1
15 -1
20 0
12 22 -1
16 1
12 16 16 0
18 1
16 -1
11 16 0
13 23 -1
14 19 1
20 1
13 22 -1
15 -1
14 21 1
12 22 -1
16 -1
13 22 -1
12 22 0
7 12 13 23 -1
17 1
14 16 16 1
12 18 0
15 -1
16 1
14 19 1
6 12 22 -1
14 24 -1
21 1
8 18 -1
13 16 0
20 1
12 18 1
11 21 1
15 -1
11 14 22 -1
16 1
19 1
20 1
19 -1
10 14 24 0
11 14 20 1
6 15 -1
14 24 -1
20 0
17 -1
20 0
11 21 1
12 16 0
13 23 -1
11 21 1
18 1
20 1
7 12 17 -1
15 -1
19 -1
20 0
11 21 1
16 -1
19 -1
15 -1
12 15 -1
16 1
17 1
18 1
20 0
13 20 1
14 18 1
13 22 -1
9 16 -1
14 23 -1
17 -1
12 16 16 -1
12 14 15 1
15 -1
20 1
15 -1
12 13 18 1
20 1
5 15 -1
18 0
10 19 1
8 18 -1
8 12 18 -1
12 22 -1
15 -1
10 20 1
20 -1
16 1
12 16 -1
13 16 -1
15 -1
7 16 0
9 20 1
12 16 -1
13 23 -1
21 1
11 21 1
9 19 -1
20 -1
16 12 13 19 1
19 1
10 13 15 -1
16 0
12 19 1
16 0
13 23 -1
19 -1
14 14 16 -1
14 24 -1
16 -1
17 1
21 1
19 1
16 -1
12 18 1
4 14 18 1
6 16 -1
19 -1
13 15 1
9 19 1
14 24 -1
16 -1
19 -1
17 -1
17 -1
17 1
9 19 -1
18 -1
6 17 17 1
12 22 -1
14 24 -1
9 19 -1
16 -1
20 1
17 1
20 1
12 20 1
20 1
13 20 1
17 -1
17 -1
16 16 -1
16 18 -1
16 16 1
15 -1
21 0
21 0
16 1
15 -1
17 -1
20 -1
17 -1
20 1
15 -1
20 0
12 15 -1
17 17 1
9 13 23 -1
13 23 -1
20 -1
14 16 1
7 13 20 1
12 17 0
8 17 -1
20 1
10 20 1
18 1
15 -1
20 1
19 1
13 17 17 1
20 1
6 8 18 1
14 22 -1
12 17 -1
11 13 23 -1
13 23 0
11 21 1
17 21 1
9 20 -1
8 10 17 -1
13 15 1
8 16 1
19 1
15 -1
6 17 13 23 -1
6 12 19 1
17 1
4 14 20 0
13 23 -1
13 19 -1
8 18 1
5 15 -1
9 13 23 -1
14 19 1
14 15 -1
12 22 -1
11 17 1
8 15 -1
14 24 -1
9 12 16 -1
9 19 1
20 0
18 0
20 1
18 1
8 16 0
18 1
8 17 1
15 16 16 1
17 -1
17 1
14 20 1
14 24 -1
12 20 1
15 1
9 19 1
20 0
10 20 1
14 15 -1
21 1
20 0
14 15 13 20 1
18 0
18 1
16 -1
17 0
16 1
15 -1
19 -1
17 1
16 0
14 18 1
9 19 -1
20 1
21 1
12 17 1
15 -1
21 1
20 1
12 18 0
10 18 -1
20 0
15 -1
14 22 -1
12 20 1
18 1
15 12 14 24 -1
20 1
11 21 1
17 17 1
15 1
9 18 1
17 -1
15 1
16 -1
18 -1
16 -1
13 21 1
15 -1
11 17 -1
18 -1
17 19 1
12 19 1
12 21 1
7 12 20 0
16 -1
12 18 -1
5 7 17 0
10 20 1
8 16 -1
13 22 -1
11 14 21 1
19 1
20 1
16 1
21 1
17 1
12 17 1
13 22 0
19 1
17 -1
16 -1
20 1
20 1
14 16 -1
7 15 -1
15 19 1
17 1
18 -1
18 -1
14 23 -1
16 -1
19 1
13 18 -1
7 13 14 20 1
10 20 1
20 1
14 16 1
13 23 -1
15 1
20 1
7 12 16 1
17 -1
5 16 15 -1
17 20 1
16 17 16 -1
18 0
13 18 1
20 0
15 -1
13 18 1
16 -1
16 -1
16 -1
16 -1
13 23 -1
19 1
9 14 17 -1
9 18 -1
16 -1
11 15 -1
6 13 14 23 -1
21 1
13 23 -1
12 22 -1
17 13 23 0
16 1
12 21 1
12 17 -1
4 9 20 1
17 -1
17 17 -1
12 22 -1
18 -1
10 20 1
16 0
17 16 -1
12 17 -1
11 17 -1
14 19 0
14 16 1
14 24 -1
17 1
17 -1
11 21 0
11 17 -1
15 20 1
14 24 -1
7 17 -1
21 1
12 18 1
17 1
14 22 0
13 23 0
19 0
21 1
13 20 1
8 19 -1
19 0
14 17 1
14 16 0
8 18 0
20 1
17 -1
10 19 0
13 14 24 0
14 15 16 16 0
20 -1
17 -1
11 20 -1
12 18 1
11 17 1
20 1
17 1
8 14 24 0
13 14 15 1
18 0
18 1
12 18 1
20 0
20 0
20 1
17 0
10 17 -1
18 0
19 -1
12 22 -1
18 -1
12 22 -1
9 17 -1
14 17 1
19 -1
21 0
19 1
16 -1
15 -1
21 1
20 1
15 -1
13 23 -1
21 1
20 1
14 18 1
20 1
15 -1
21 0
12 14 15 -1
17 1
16 -1
12 15 1
19 0
16 -1
12 22 -1
16 -1
11 19 -1
20 1
14 21 1
12 20 1
21 1
20 1
12 14 18 1
12 18 1
17 -1
17 1
16 14 15 -1
19 1
20 1
13 13 17 1
15 1
10 21 1
20 0
17 18 1
20 -1
13 17 1
12 22 -1
14 12 22 -1
18 -1
21 1
17 17 1
14 17 -1
14 19 -1
13 22 -1
17 21 1
20 1
14 24 -1
17 1
20 1
13 14 16 -1
19 1
20 1
18 1
11 21 1
19 1
20 1
19 0
19 1
20 1
15 15 -1
7 17 -1
20 0
18 1
21 1
17 1
6 12 14 23 -1
8 15 -1
16 12 15 -1
14 24 -1
9 19 -1
18 1
12 22 -1
17 17 -1
17 -1
14 24 0
16 1
18 0
11 21 1
16 1
12 16 -1
12 18 1
13 19 0
15 1
12 12 18 -1
12 22 -1
15 15 1
13 16 1
13 20 1
14 14 20 1
10 13 15 -1
13 17 -1
19 1
13 18 0
21 1
11 15 -1
14 16 -1
21 1
14 15 20 0
12 18 1
20 1
12 16 -1
8 18 1
14 24 -1
16 1
8 19 1
8 16 -1
17 17 1
6 13 18 0
14 19 1
14 24 -1
8 17 -1
18 -1
19 1
20 0
18 1
13 20 1
14 16 -1
11 20 1
9 20 1
13 19 1
16 1
18 -1
20 0
16 -1
17 0
19 1
20 1
11 18 0
20 -1
5 13 14 20 1
14 19 1
17 -1
12 17 -1
18 1
12 19 0
13 16 -1
12 22 -1
12 22 -1
12 22 -1
20 0
20 1
15 1
10 18 1
12 21 1
11 21 0
20 -1
4 14 23 -1
10 19 1
19 0
14 24 -1
13 20 -1
20 1
12 16 1
14 19 1
10 20 1
18 -1
18 1
11 19 1
13 21 1
13 17 -1
18 0
12 15 -1
12 22 -1
15 -1
16 1
15 -1
15 -1
10 12 13 21 1
20 1
19 -1
15 -1
18 1
12 22 -1
21 1
18 1
20 1
11 13 16 -1
14 15 1
12 19 1
6 9 17 1
13 14 14 21 0
13 17 -1
18 -1
21 0
8 16 1
16 0
18 -1
12 12 17 -1
17 -1
12 22 0
16 1
20 -1
17 1
15 -1
11 12 22 -1
12 16 1
16 -1
18 -1
17 0
11 21 1
13 14 24 -1
18 1
19 -1
14 12 22 -1
18 1
16 13 18 1
9 19 -1
17 13 16 1
19 1
18 -1
8 12 18 -1
9 16 -1
14 22 -1
19 -1
14 19 1
15 1
17 1
18 -1
18 -1
12 13 23 -1
19 1
6 16 1
13 23 -1
15 -1
19 -1
19 1
15 -1
12 15 1
13 22 -1
14 17 1
13 14 18 0
10 20 1
18 -1
19 -1
14 19 1
8 18 -1
5 9 20 1
7 17 0
17 1
17 0
11 21 1
18 -1
11 19 1
16 -1
20 -1
11 15 1
20 1
15 15 1
16 1
13 14 19 0
19 1
13 15 -1
12 22 0
20 1
15 -1
20 0
10 17 -1
18 0
17 17 1
16 -1
17 1
12 16 -1
14 21 1
20 1
21 0
14 14 23 -1
16 1
11 17 1
5 16 13 20 1
20 1
16 -1
18 -1
15 1
6 11 21 0
19 1
20 1
12 13 19 1
7 16 -1
19 1
8 18 1
13 17 1
16 -1
11 13 23 -1
8 18 -1
17 0
15 1
17 -1
8 11 20 1
12 15 -1
11 16 -1
20 1
14 21 1
17 19 1
5 8 17 1
16 -1
15 -1
11 12 13 16 -1
21 1
15 -1
17 -1
9 18 -1
10 12 16 1
20 0
11 15 1
19 -1
21 1
13 17 -1
8 18 -1
11 17 -1
14 24 -1
12 21 1
7 13 22 -1
18 1
20 1
19 1
12 21 1
12 18 -1
20 1
16 -1
18 1
14 16 1
19 0
16 -1
12 22 -1
12 19 1
12 19 0
21 1
14 24 -1
8 13 23 0
19 0
13 15 -1
17 21 1
13 21 0
20 1
18 1
12 22 0
8 18 -1
16 -1
19 -1
6 12 22 -1
19 1
12 22 -1
6 16 -1
9 17 -1
19 0
21 1
20 -1
14 19 -1
10 14 18 -1
14 24 -1
10 18 1
18 1
12 16 -1
19 1
15 1
14 19 0
16 -1
15 -1
15 -1
17 -1
18 1
13 18 1
20 1
18 1
14 16 18 -1
6 16 1
14 24 -1
13 13 22 0
12 20 1
17 0
19 -1
21 1
12 22 -1
12 22 -1
16 1
21 1
7 13 22 -1
16 0
10 15 1
12 21 1
18 -1
19 1
13 23 0
16 -1
21 1
19 -1
20 0
17 1
6 11 21 1
17 -1
15 1
19 1
21 1
20 1
12 21 1
15 -1
21 1
7 18 -1
13 23 -1
17 -1
19 -1
20 1
13 23 -1
17 1
19 1
13 23 -1
20 1
7 10 20 1
21 1
18 1
12 22 0
12 19 -1
20 1
12 18 1
9 15 -1
16 -1
19 -1
13 16 0
11 17 1
11 21 1
13 16 -1
14 19 1
8 15 -1
8 15 -1
19 1
20 -1
20 -1
14 24 -1
15 1
15 1
15 -1
4 14 24 -1
15 -1
15 -1
11 13 23 -1
14 16 -1
18 0
17 1
12 18 1
15 -1
17 0
20 1
18 1
19 1
13 18 -1
16 1
5 15 -1
12 15 -1
13 14 22 -1
21 1
8 18 1
20 1
12 22 -1
11 19 1
12 19 1
4 10 21 1
15 1
9 15 -1
16 -1
16 -1
9 19 1
10 21 1
11 19 1
13 18 0
21 1
20 1
13 13 16 -1
21 1
14 24 -1
20 1
16 0
21 1
19 1
19 1
20 1
12 16 -1
21 1
16 -1
20 0
19 -1
18 0
16 0
16 1
14 21 0
8 10 18 -1
15 1
12 15 -1
20 1
17 13 19 -1
18 1
17 1
20 -1
19 0
15 -1
18 1
13 23 0
11 14 19 -1
10 16 -1
16 1
16 1
11 21 1
12 22 -1
12 14 21 1
20 1
16 -1
15 -1
19 -1
13 16 -1
20 -1
16 20 1
7 14 24 -1
18 1
6 9 17 1
9 12 20 1
12 22 -1
16 0
21 1
14 24 0
13 22 -1
10 20 0
6 13 15 -1
16 16 -1
20 -1
11 12 22 -1
17 -1
16 15 1
18 -1
18 1
13 16 -1
8 11 21 1
20 1
16 1
10 19 0
20 1
19 1
14 15 -1
16 1
15 1
4 14 20 1
15 15 -1
12 22 -1
21 1
15 -1
20 1
13 23 0
10 17 1
16 -1
10 12 16 -1
15 1
12 22 -1
20 0
10 13 17 -1
19 -1
13 23 -1
19 0
15 -1
12 17 -1
18 0
10 21 1
19 1
14 22 0
21 1
7 16 -1
19 -1
19 -1
15 -1
21 0
7 14 24 -1
16 -1
18 1
9 11 21 1
15 1
14 19 -1
19 -1
10 20 1
4 7 17 0
21 1
19 -1
14 17 1
16 -1
19 0
14 24 -1
17 -1
14 16 -1
5 12 22 0
13 22 0
17 1
17 -1
13 22 -1
14 24 0
20 -1
14 19 1
17 -1
21 1
13 19 1
17 1
19 1
18 1
9 12 21 1
17 -1
16 -1
20 1
11 21 1
18 0
21 1
20 1
16 -1
8 13 23 0
15 0
6 9 19 1
13 18 1
9 19 -1
21 1
15 -1
15 -1
9 19 1
11 21 1
9 11 12 16 1
8 12 22 0
18 0
16 -1
14 23 0
12 22 -1
16 -1
20 1
16 -1
12 14 19 -1
18 1
14 16 -1
15 -1
10 15 -1
9 14 18 1
20 1
20 -1
14 24 -1
12 18 1
12 15 -1
8 19 1
12 16 1
12 18 1
13 23 0
12 13 23 -1
16 17 17 1
13 23 -1
14 17 0
14 16 -1
17 1
20 1
13 22 -1
8 11 18 1
7 18 1
16 0
18 -1
6 12 14 15 1
7 9 19 1
11 20 1
14 21 1
14 24 -1
18 0
15 -1
19 1
16 1
12 17 -1
7 17 0
17 1
16 1
19 1
20 0
20 1
10 12 22 -1
14 24 -1
18 1
12 22 0
14 24 -1
18 1
21 1
14 24 -1
17 -1
12 19 1
11 21 0
14 21 1
15 -1
20 0
16 20 1
16 0
13 15 -1
8 18 1
15 -1
7 18 1
10 16 -1
12 22 -1
20 -1
21 1
20 1
5 9 19 -1
18 1
19 -1
19 1
13 17 13 23 0
9 12 13 17 -1
21 1
15 -1
13 18 1
20 1
20 1
14 18 -1
6 16 1
14 16 -1
15 20 1
10 20 1
20 0
15 1
16 1
12 22 -1
12 22 -1
9 19 -1
14 24 -1
11 21 1
13 13 23 -1
13 23 0
12 15 1
15 -1
20 1
11 21 1
20 0
13 13 22 -1
13 17 -1
7 13 20 1
21 0
21 1
20 -1
20 1
17 17 0
9 11 21 1
7 17 -1
21 1
6 13 23 -1
19 -1
14 17 -1
12 15 -1
15 -1
10 20 1
21 1
9 19 1
20 1
14 16 -1
18 0
12 17 13 16 1
17 -1
11 21 1
12 12 22 0
14 18 -1
13 16 16 -1
20 0
20 1
20 0
15 1
16 19 1
14 19 -1
10 21 1
15 -1
20 0
10 12 20 1
10 20 1
10 20 1
9 19 1
20 1
15 -1
13 18 -1
12 22 -1
11 18 -1
20 1
7 14 16 -1
18 0
20 0
18 1
15 1
12 19 -1
9 18 0
8 13 15 1
13 19 -1
14 15 1
11 15 -1
18 -1
13 13 14 20 0
21 1
8 11 21 1
11 13 22 -1
14 24 -1
11 21 1
20 1
14 24 -1
11 20 1
8 18 1
17 -1
12 20 1
16 1
14 16 1
21 1
12 14 21 1
17 -1
16 -1
6 16 -1
11 18 1
19 -1
12 22 -1
16 16 -1
17 1
9 19 -1
10 19 -1
14 24 -1
18 -1
14 21 1
19 1
19 -1
15 1
19 1
9 17 -1
21 1
11 18 -1
11 17 -1
6 14 20 1
12 14 24 0
20 1
14 21 1
12 14 24 -1
14 17 -1
6 9 17 1
8 19 1
6 15 -1
19 0
15 1
12 18 -1
20 1
17 -1
12 17 0
16 20 1
13 19 1
15 -1
16 -1
16 13 23 -1
15 1
10 15 -1
11 15 -1
12 19 1
21 1
12 22 -1
20 1
19 1
15 -1
9 13 14 24 -1
19 -1
17 1
13 23 -1
7 17 0
19 1
14 15 -1
5 12 16 -1
20 1
18 -1
15 18 1
15 -1
15 20 1
13 21 0
14 22 -1
15 -1
17 -1
18 1
14 17 0
10 18 -1
16 -1
20 1
21 1
15 1
16 14 22 0
6 10 21 1
21 1
17 -1
13 13 23 0
19 -1
12 22 0
16 -1
20 1
18 -1
9 12 13 22 -1
12 13 23 -1
18 1
15 -1
18 1
20 1
15 -1
16 -1
17 -1
14 20 0
6 16 1
12 20 1
13 17 1
15 17 16 0
12 22 -1
20 1
20 1
14 20 0
16 19 -1
13 15 -1
6 16 -1
14 24 -1
13 15 -1
13 17 17 -1
16 -1
21 1
10 20 1
15 -1
19 1
19 1
14 22 -1
13 23 -1
21 1
18 1
12 17 20 0
15 -1
17 15 -1
5 11 20 1
20 1
16 -1
12 22 -1
11 15 -1
16 -1
20 0
20 1
20 0
15 -1
18 -1
16 -1
18 0
20 1
20 1
7 18 -1
19 -1
13 22 -1
16 -1
18 0
7 9 11 14 24 -1
19 1
14 24 0
14 24 0
10 18 1
12 16 -1
10 15 -1
7 9 12 17 0
20 0
14 17 15 -1
14 12 22 -1
17 -1
19 -1
9 13 18 -1
20 1
15 1
18 1
12 15 -1
21 1
9 17 -1
8 12 22 -1
18 -1
16 1
12 21 1
20 1
17 -1
20 -1
12 22 -1
12 19 1
12 18 -1
15 0
13 21 1
13 13 23 -1
12 18 -1
17 -1
11 14 21 1
20 -1
21 0
12 14 24 -1
8 15 -1
19 -1
14 17 -1
15 -1
17 -1
14 17 -1
14 23 -1
17 -1
18 -1
14 22 -1
13 23 -1
13 22 -1
10 21 1
15 -1
12 19 1
18 1
14 19 1
20 0
17 -1
15 -1
14 24 -1
7 12 13 23 0
5 10 20 -1
19 1
13 13 14 24 -1
11 19 -1
20 1
9 11 21 1
13 17 -1
13 14 24 -1
14 21 0
11 14 15 -1
20 1
7 12 22 -1
14 20 0
12 15 -1
18 1
19 1
12 14 19 1
14 22 0
6 10 20 0
10 21 1
19 1
10 15 1
20 0
12 21 1
10 14 24 -1
18 -1
5 10 16 -1
15 -1
8 18 -1
15 15 -1
13 21 1
13 14 17 -1
12 19 1
15 -1
18 -1
13 15 -1
14 22 -1
16 21 1
17 0
20 1
12 21 0
21 1
21 1
13 23 -1
20 -1
8 12 13 23 -1
14 21 1
17 0
11 21 1
7 11 20 1
9 13 23 0
17 -1
19 1
13 23 0
12 16 -1
21 1
15 -1
4 14 18 1
19 1
16 -1
6 16 -1
19 1
15 1
15 1
11 21 1
17 1
6 10 13 23 0
17 1
17 -1
15 1
17 -1
19 -1
13 23 -1
16 -1
16 -1
12 15 -1
21 0
18 1
11 19 1
18 -1
16 -1
15 1
20 1
14 17 -1
15 1
15 -1
21 0
15 -1
12 16 1
16 16 -1
14 24 -1
20 0
14 21 1
8 18 1
13 21 1
8 18 1
18 1
20 1
13 12 22 -1
13 23 -1
10 20 0
16 -1
12 20 1
15 -1
13 20 1
10 21 1
17 1
16 1
13 18 -1
18 -1
17 -1
11 21 1
9 14 19 1
18 1
11 19 -1
14 16 1
19 1
19 1
19 -1
11 14 20 1
10 20 -1
15 1
6 15 1
21 1
21 1
14 24 0
21 1
8 18 1
12 21 0
20 1
16 20 1
11 12 22 0
6 12 22 0
13 23 -1
12 16 13 23 0
14 23 -1
19 -1
8 10 20 1
15 -1
11 14 20 1
20 1
21 1
8 18 -1
10 21 1
19 1
14 24 -1
14 15 17 -1
14 16 -1
18 1
14 15 1
21 1
13 19 -1
12 19 -1
18 1
17 1
13 16 -1
5 15 -1
20 0
13 23 -1
7 13 14 24 -1
9 13 22 -1
20 1
19 1
9 19 -1
14 17 0
14 18 1
20 1
12 14 21 1
21 0
12 22 -1
16 -1
17 -1
14 24 -1
11 21 1
17 -1
20 0
15 -1
15 -1
14 19 1
19 1
14 23 -1
20 1
13 22 0
16 -1
18 1
14 24 -1
12 22 -1
20 1
9 12 20 1
11 12 22 -1
15 -1
11 20 1
17 1
11 16 -1
12 22 -1
6 8 18 1
17 0
13 23 -1
12 20 0
20 1
20 1
18 0
12 22 -1
13 15 -1
17 -1
13 21 1
12 18 -1
10 16 1
14 24 -1
17 1
12 16 1
14 14 20 1
16 1
13 20 1
14 20 -1
21 0
8 19 1
16 1
19 1
16 -1
17 -1
5 15 -1
10 12 13 23 -1
17 -1
6 9 19 1
12 20 1
18 1
12 22 -1
10 20 1
5 10 15 1
13 21 1
19 1
18 1
12 20 0
19 1
17 -1
14 24 -1
11 14 22 -1
5 8 12 14 20 0
11 15 -1
14 18 1
19 1
10 17 -1
18 -1
19 -1
13 15 -1
19 -1
5 7 17 1
17 -1
15 1
17 1
10 16 1
11 15 -1
18 1
6 15 -1
16 0
15 20 1
21 1
5 13 23 -1
15 13 18 -1
10 15 1
9 12 16 -1
8 14 22 -1
16 -1
17 -1
15 1
11 16 1
8 18 -1
18 1
20 1
18 1
9 19 0
21 1
21 0
20 1
19 -1
20 1
12 22 -1
11 12 16 -1
15 -1
14 15 1
20 0
7 9 18 1
20 1
15 -1
19 1
20 0
20 1
17 -1
16 1
20 1
21 1
9 11 21 1
19 1
20 1
14 24 0
12 22 -1
5 16 21 1
17 0
14 19 1
14 24 0
16 1
8 15 1
10 20 1
15 20 1
15 -1
13 23 -1
18 -1
9 17 -1
16 1
16 1
12 19 1
14 16 -1
21 1
10 20 -1
21 0
21 1
10 16 -1
13 14 18 -1
21 1
12 22 0
7 15 -1
9 17 -1
12 22 -1
16 17 -1
13 19 1
9 19 1
15 17 0
5 16 16 -1
6 17 -1
13 14 24 -1
14 16 -1
15 -1
13 17 1
16 -1
11 20 1
14 15 -1
18 1
13 23 -1
13 22 -1
16 -1
10 18 -1
17 1
17 1
9 15 -1
17 -1
14 12 13 14 24 0
17 -1
9 19 1
17 -1
19 -1
20 1
17 0
7 17 1
13 23 0
11 21 1
12 17 -1
16 -1
14 24 -1
20 0
21 1
20 1
11 21 1
14 17 -1
11 13 22 -1
21 1
15 -1
12 22 -1
18 -1
12 21 1
19 0
9 19 1
19 0
17 -1
20 1
14 24 -1
14 18 1
10 21 1
11 21 1
16 -1
13 16 -1
15 -1
17 -1
21 1
12 22 -1
20 1
15 -1
14 21 0
21 1
15 -1
12 18 -1
14 24 -1
20 1
11 15 -1
17 -1
13 15 -1
8 10 20 1
14 23 0
19 1
9 15 -1
19 -1
13 23 -1
8 18 -1
17 -1
13 23 -1
20 1
19 1
5 16 21 1
9 19 1
19 0
15 18 1
21 1
8 14 19 1
11 21 1
14 15 1
10 18 1
8 13 19 1
13 20 1
13 16 16 -1
20 -1
18 0
14 24 -1
13 21 1
10 20 -1
20 1
13 23 -1
10 17 -1
20 1
16 1
9 19 1
15 -1
11 18 1
11 21 1
12 22 -1
10 13 18 -1
9 13 20 1
9 14 20 1
13 22 -1
19 1
18 -1
12 22 -1
17 -1
13 15 -1
7 15 0
13 22 -1
20 -1
19 1
18 -1
9 20 0
13 23 -1
21 1
7 18 0
11 12 20 1
13 16 -1
19 -1
15 1
12 22 -1
7 17 -1
12 14 23 -1
15 -1
20 1
15 15 -1
12 22 -1
15 -1
14 23 0
10 20 0
16 -1
12 22 -1
20 -1
12 17 1
15 -1
20 1
17 1
14 24 -1
20 1
17 -1
10 16 1
15 1
13 21 1
9 15 -1
20 -1
15 -1
5 15 1
14 15 1
5 9 14 18 1
11 15 -1
20 1
12 20 1
19 -1
15 -1
13 19 1
13 21 1
20 1
11 12 22 -1
13 18 1
10 13 21 1
12 19 -1
11 20 1
14 22 -1
13 19 -1
13 20 1
14 20 1
16 -1
12 21 1
19 -1
18 -1
17 -1
16 -1
13 19 1
15 -1
14 18 -1
16 -1
12 17 -1
14 24 -1
15 -1
10 20 1
18 -1
16 -1
17 -1
6 16 1
20 -1
10 21 1
19 1
12 20 1
18 1
13 23 -1
18 1
10 12 14 22 -1
14 14 22 -1
8 18 0
14 24 0
12 22 -1
15 -1
11 21 1
9 13 18 -1
9 13 21 1
14 24 0
12 22 -1
12 17 0
20 -1
18 -1
20 1
14 24 -1
19 1
10 12 13 23 0
15 -1
14 24 0
15 -1
8 18 1
19 1
13 22 0
6 14 15 -1
12 15 -1
15 -1
14 21 1
13 17 0
18 1
20 1
19 -1
18 1
10 20 1
12 22 -1
16 -1
18 -1
18 0
14 17 1
20 1
20 1
21 1
14 18 1
16 -1
15 15 1
19 -1
19 1
14 24 -1
17 -1
12 22 -1
9 19 -1
15 -1
18 1
12 22 -1
14 23 0
17 1
19 0
21 1
20 0
7 10 20 1
19 0
12 21 1
19 1
12 15 -1
13 18 -1
12 22 -1
10 20 1
13 23 -1
15 1
18 1
14 21 1
20 1
14 18 0
12 22 -1
10 20 1
20 -1
20 -1
14 16 -1
11 21 1
15 -1
16 -1
7 17 -1
20 1
14 24 -1
20 1
13 21 1
13 23 -1
10 13 22 -1
20 1
14 18 1
15 16 18 0
19 0
20 0
12 19 1
8 18 1
14 24 -1
10 18 -1
10 12 14 22 -1
17 1
17 1
16 18 -1
19 -1
21 1
12 19 -1
11 13 15 1
18 -1
13 22 0
13 23 0
13 19 1
18 -1
21 1
8 13 16 -1
19 0
17 -1
19 -1
19 1
20 1
17 0
13 23 -1
8 18 0
20 1
10 18 1
13 22 -1
20 1
20 1
6 12 22 -1
14 17 -1
16 -1
13 17 -1
21 1
18 1
5 7 12 22 0
15 -1
19 1
17 1
12 15 1
14 22 -1
18 1
12 19 1
18 0
14 18 -1
8 10 19 -1
14 24 -1
11 20 1
15 13 17 -1
15 -1
9 14 24 0
19 1
18 -1
8 14 17 1
12 22 -1
20 0
17 -1
13 23 0
15 -1
20 1
9 13 23 0
15 -1
16 16 -1
16 20 0
15 12 22 -1
14 22 -1
16 13 23 -1
16 -1
12 16 -1
7 17 -1
14 24 0
18 -1
13 23 -1
16 0
17 -1
16 0
20 0
18 -1
14 21 1
15 -1
19 0
10 15 0
14 24 -1
10 20 1
12 14 24 -1
20 1
6 12 16 -1
17 -1
15 -1
13 19 -1
19 -1
20 0
17 0
16 1
20 1
13 23 -1
13 22 -1
14 20 1
9 17 0
14 22 -1
16 -1
20 1
18 1
14 20 0
18 -1
21 1
13 13 20 0
18 -1
11 21 0
7 9 16 -1
15 18 1
20 -1
16 1
12 22 0
7 9 17 -1
16 1
17 -1
14 23 0
20 1
6 16 -1
19 -1
12 13 19 1
12 19 0
10 12 22 -1
16 1
19 1
13 23 -1
19 1
17 -1
14 24 -1
19 -1
17 -1
19 1
20 1
14 20 -1
10 20 1
17 -1
12 22 -1
15 16 15 -1
20 1
15 1
21 1
15 -1
11 21 1
16 -1
13 20 1
12 14 21 0
14 17 1
16 -1
14 16 0
13 23 -1
15 -1
15 -1
16 -1
18 1
12 13 20 1
10 20 1
16 18 -1
20 -1
13 14 24 0
20 -1
6 15 -1
20 1
16 0
13 13 21 1
17 -1
17 -1
16 -1
15 1
13 16 1
15 -1
16 -1
15 -1
15 -1
18 -1
15 -1
20 1
12 18 -1
17 -1
12 15 -1
19 1
12 16 -1
15 -1
19 1
10 16 1
8 12 19 1
20 1
19 1
13 18 -1
10 20 1
21 1
9 15 1
15 -1
16 16 0
14 24 -1
18 1
17 1
11 19 1
13 21 1
8 11 21 1
20 1
19 1
15 1
14 24 0
18 -1
12 18 1
12 19 1
7 18 1
14 24 -1
11 18 0
16 -1
17 1
21 0
10 15 -1
20 1
14 15 -1
9 19 1
8 10 17 -1
9 14 21 1
13 21 1
21 1
15 -1
12 21 1
9 15 -1
20 1
20 1
14 22 -1
10 20 0
16 -1
15 1
16 -1
15 1
14 14 23 -1
17 1
12 15 -1
16 1
14 19 1
21 1
19 1
13 19 1
19 -1
20 1
6 14 23 0
19 -1
14 18 -1
17 -1
9 13 15 -1
14 24 -1
16 -1
21 0
9 19 -1
20 1
16 -1
16 -1
13 15 -1
14 17 1
18 -1
9 19 1
13 18 1
19 -1
20 1
9 19 1
13 22 0
11 14 23 0
15 1
12 15 -1
13 22 -1
20 0
5 15 -1
17 -1
14 15 -1
9 19 1
12 22 0
21 1
13 21 1
12 19 1
15 -1
17 1
14 18 1
5 12 16 -1
16 14 21 1
12 17 -1
16 14 19 -1
14 20 1
17 -1
20 0
11 19 1
17 1
18 -1
12 22 -1
13 17 1
11 13 18 -1
13 23 0
21 1
19 1
20 1
16 -1
13 22 -1
7 17 -1
9 17 0
8 18 1
19 1
21 1
14 21 1
17 -1
21 1
20 1
9 20 0
13 17 -1
18 1
20 0
21 1
13 15 -1
13 15 1
11 14 15 -1
16 21 1
12 15 19 -1
16 19 -1
18 -1
5 15 -1
5 9 12 17 -1
21 1
19 1
17 1
17 0
13 18 -1
20 1
20 1
13 23 0
21 1
12 22 -1
13 16 -1
10 18 -1
16 -1
12 20 1
12 17 -1
19 0
17 -1
18 -1
18 -1
12 12 22 -1
11 16 -1
9 19 -1
19 1
15 1
8 18 1
12 22 -1
14 13 23 -1
13 23 -1
13 21 1
20 0
11 21 1
14 21 1
21 1
10 12 20 1
14 24 -1
12 18 -1
21 1
16 1
20 1
16 -1
20 1
12 13 20 1
7 15 -1
14 24 0
17 -1
16 1
20 1
15 15 -1
7 16 -1
5 11 15 1
18 -1
7 10 20 1
18 1
12 22 -1
15 -1
9 19 1
12 22 -1
14 24 -1
16 1
18 1
15 -1
5 12 17 0
19 1
19 1
17 -1
14 20 -1
18 1
21 1
19 1
14 17 1
9 20 1
16 1
17 -1
9 19 0
12 14 21 1
15 13 18 1
11 20 1
11 17 1
20 -1
13 23 -1
16 1
6 10 15 -1
13 23 -1
16 -1
17 -1
16 15 -1
12 16 -1
13 14 18 1
13 17 1
16 -1
16 -1
11 21 1
14 24 0
17 -1
14 19 1
19 1
15 -1
14 21 1
20 1
20 0
9 17 -1
12 13 17 -1
15 21 1
16 -1
13 17 1
19 -1
14 20 0
20 1
11 20 1
6 16 1
16 -1
14 22 -1
18 -1
12 19 1
18 1
9 19 1
8 11 18 -1
19 1
13 14 21 1
8 17 1
17 -1
20 1
18 1
10 16 1
19 1
12 20 1
14 16 -1
20 1
19 1
14 24 0
14 22 0
15 15 -1
21 1
15 -1
17 1
14 19 1
20 1
17 1
20 1
17 1
18 -1
15 0
15 1
20 0
15 12 20 0
17 1
6 14 20 1
17 1
20 1
14 17 -1
12 13 16 1
11 21 1
20 0
8 11 19 1
15 1
20 1
15 -1
7 18 -1
7 13 14 24 0
15 1
8 18 1
8 11 20 1
20 0
10 14 24 -1
21 1
4 9 19 1
19 1
13 14 24 -1
18 -1
19 -1
12 21 1
16 -1
10 21 1
14 21 1
14 24 -1
11 15 -1
17 -1
13 16 -1
12 22 0
11 21 1
15 13 22 -1
20 1
10 20 0
12 19 0
15 -1
20 1
7 17 0
18 -1
20 -1
14 14 18 -1
14 21 1
19 0
4 14 23 -1
20 1
20 1
14 16 -1
13 19 -1
16 -1
17 -1
13 18 0
8 19 1
10 19 1
20 1
18 0
12 18 -1
18 1
19 1
18 1
9 13 18 1
8 12 22 -1
16 -1
17 -1
21 1
13 18 1
16 0
7 17 1
19 1
21 1
10 20 1
20 -1
10 14 17 -1
15 -1
14 14 20 0
12 20 1
13 23 -1
9 17 -1
17 -1
9 19 1
15 -1
12 19 1
13 15 -1
8 17 1
11 17 1
15 1
15 -1
10 17 -1
19 1
20 1
9 12 17 1
13 23 -1
15 15 -1
13 20 1
16 -1
17 -1
19 1
16 0
17 1
20 -1
19 -1
15 1
11 20 -1
15 -1
17 -1
17 0
8 18 1
12 21 1
11 14 15 1
21 1
18 -1
18 1
10 20 1
19 1
18 -1
16 0
15 -1
14 24 -1
18 -1
15 -1
14 21 1
19 1
15 1
7 15 -1
13 23 -1
13 23 -1
18 -1
12 17 1
17 -1
20 1
18 -1
12 18 1
20 0
19 -1
20 1
18 1
17 1
11 17 -1
7 17 0
7 10 18 -1
15 1
15 -1
12 16 1
17 0
20 1
11 21 1
12 15 -1
12 15 1
21 1
18 1
11 17 -1
17 1
14 17 1
18 1
20 1
18 1
13 22 -1
20 1
20 1
9 11 16 -1
11 16 1
20 1
21 1
18 -1
13 22 0
15 -1
20 1
18 1
21 1
15 -1
8 18 1
10 18 -1
11 16 1
20 1
21 1
14 20 1
10 20 1
15 -1
21 1
16 -1
20 1
5 12 20 0
8 13 20 0
8 17 -1
12 22 -1
13 21 1
15 -1
20 1
11 16 -1
7 16 -1
15 -1
17 0
17 0
16 -1
19 1
11 18 -1
13 14 24 0
16 -1
16 -1
21 1
21 1
10 13 23 0
20 -1
20 1
16 19 0
12 22 -1
14 24 -1
12 22 -1
14 15 -1
21 1
20 -1
12 22 -1
19 1
12 18 -1
10 20 1
14 24 -1
15 -1
13 15 -1
6 12 22 -1
18 1
12 22 0
15 -1
13 15 -1
15 1
20 1
13 23 -1
17 -1
9 16 -1
14 16 -1
7 17 0
14 17 -1
21 1
14 16 -1
20 1
10 12 14 21 1
13 23 0
5 10 12 13 22 -1
14 24 0
14 23 -1
16 1
18 0
11 12 15 1
14 17 -1
11 21 1
6 11 20 1
20 1
16 -1
13 23 0
20 1
18 1
11 12 13 23 0
14 16 -1
16 -1
16 -1
18 1
14 24 0
16 -1
20 1
15 20 -1
16 -1
15 1
9 12 22 -1
8 18 1
16 -1
12 13 19 0
20 -1
17 -1
9 20 1
19 0
16 -1
20 -1
17 1
12 22 -1
13 15 1
17 1
15 -1
8 14 24 -1
8 19 -1
19 1
15 -1
11 14 15 1
12 22 -1
17 0
9 11 21 1
15 -1
21 1
11 13 19 1
10 20 1
6 9 14 24 -1
16 19 1
15 -1
21 1
13 23 -1
17 0
15 -1
18 -1
13 23 -1
11 12 22 -1
7 15 1
13 19 -1
16 0
19 1
20 1
16 1
11 18 1
15 -1
15 -1
12 19 1
18 -1
21 1
18 1
14 23 -1
16 -1
11 19 -1
17 -1
11 14 24 -1
13 23 -1
16 -1
20 1
10 19 -1
12 14 22 -1
5 14 16 -1
19 1
16 0
21 1
8 18 1
15 -1
14 21 1
18 -1
18 -1
5 8 19 1
19 1
17 0
20 0
17 -1
20 1
20 -1
16 1
6 14 19 0
21 1
21 1
20 1
19 1
20 1
21 1
17 1
11 17 1
12 22 -1
21 1
18 -1
11 21 1
8 17 1
17 -1
8 12 22 -1
18 1
16 1
12 22 -1
17 -1
19 1
17 1
17 1
20 1
10 20 1
19 1
12 14 19 1
15 -1
8 18 1
14 18 0
15 -1
9 12 22 -1
11 20 1
13 20 1
14 24 -1
6 16 -1
11 17 -1
20 1
15 17 -1
15 -1
13 19 1
16 -1
19 1
14 17 1
8 12 13 23 -1
16 -1
14 22 -1
15 -1
21 1
17 0
6 8 18 1
19 1
19 1
11 19 -1
19 1
19 1
18 1
13 15 -1
12 13 23 -1
17 1
17 1
20 1
16 16 0
10 20 1
17 -1
18 -1
19 1
15 15 -1
11 12 19 1
12 14 23 -1
7 9 19 -1
16 -1
16 -1
21 1
21 0
16 16 -1
15 -1
15 -1
21 1
17 -1
20 1
20 1
18 -1
16 1
12 22 -1
9 14 20 0
19 1
15 15 1
16 -1
20 0
20 1
8 19 1
17 -1
19 -1
21 1
8 10 20 -1
11 15 1
20 1
20 1
14 12 20 0
17 -1
15 -1
10 17 1
15 -1
12 16 -1
20 1
17 -1
16 -1
14 24 -1
6 12 22 -1
16 18 -1
8 17 -1
17 -1
15 1
15 -1
18 1
17 1
9 19 0
13 15 -1
12 18 1
18 1
13 21 1
20 1
14 24 -1
14 21 1
13 20 1
12 22 0
20 1
15 -1
11 19 0
20 0
12 14 17 1
14 18 1
17 -1
14 21 1
11 21 0
13 19 -1
16 12 13 14 22 0
17 -1
14 16 -1
14 17 -1
16 -1
18 1
17 1
20 -1
15 20 -1
10 16 -1
16 18 -1
19 1
15 -1
6 17 0
20 1
9 15 1
12 22 -1
16 -1
20 -1
20 1
18 -1
13 20 1
13 15 1
15 15 -1
10 20 1
17 -1
13 18 1
4 13 18 -1
13 23 -1
19 -1
8 18 -1
6 16 -1
12 16 1
12 22 -1
9 11 12 18 1
13 16 -1
7 14 17 1
12 22 -1
16 -1
16 1
10 17 -1
17 -1
13 18 1
11 21 1
18 1
9 13 22 -1
15 1
16 14 24 0
21 1
16 1
18 0
21 1
18 -1
13 19 1
18 1
20 0
12 13 20 1
19 0
15 -1
13 19 1
10 16 -1
19 1
11 13 19 0
18 1
11 12 22 -1
16 1
17 -1
9 12 19 0
19 -1
11 14 24 -1
16 0
17 1
13 20 1
20 1
14 22 0
18 -1
12 20 1
6 17 -1
12 18 -1
7 13 23 -1
18 1
20 0
14 24 -1
17 1
18 1
8 12 13 16 -1
8 11 19 1
16 1
11 21 1
20 1
11 19 0
16 -1
19 0
5 15 -1
20 1
20 1
14 16 1
14 24 -1
8 18 0
19 0
13 21 1
10 18 -1
18 0
15 1
21 0
15 -1
18 1
11 13 23 -1
16 -1
21 1
12 20 0
18 -1
20 0
14 20 1
9 20 -1
9 20 1
11 20 1
18 1
6 12 22 -1
15 0
5 11 21 1
18 1
12 16 -1
21 0
11 21 1
13 23 -1
17 0
19 -1
10 17 -1
16 0
21 1
8 19 1
14 15 -1
20 1
14 18 -1
12 17 -1
10 20 1
7 9 18 1
18 -1
14 24 -1
9 20 1
9 11 16 -1
13 16 -1
21 1
11 16 -1
16 -1
16 -1
10 21 1
17 -1
11 13 23 0
11 17 1
16 -1
14 24 0
12 18 -1
15 -1
18 -1
20 1
13 21 1
21 1
13 14 20 1
16 0
14 23 -1
14 19 1
16 -1
18 -1
11 20 1
12 17 -1
21 1
14 14 24 0
13 23 0
15 -1
19 1
13 23 -1
20 1
13 14 19 1
14 18 0
17 -1
13 19 0
14 24 -1
12 22 -1
4 10 19 -1
19 1
10 21 1
14 24 -1
16 -1
9 20 1
11 19 1
10 16 -1
12 19 -1
11 15 -1
20 0
12 18 -1
15 13 20 1
14 24 0
15 1
12 15 -1
15 -1
9 19 1
21 1
5 15 -1
14 22 0
10 21 1
13 23 -1
16 -1
12 15 -1
12 21 1
16 -1
15 -1
7 17 1
11 21 1
6 12 18 1
12 16 -1
21 1
21 1
16 -1
20 0
19 1
14 23 -1
15 1
15 -1
17 1
16 1
16 16 1
14 24 -1
17 0
21 1
14 17 -1
13 23 0
11 15 -1
13 21 1
15 -1
14 14 15 -1
7 11 13 17 -1
11 21 1
21 1
11 20 0
9 13 22 -1
13 20 1
20 1
18 -1
10 20 1
12 21 1
16 1
14 24 0
12 19 1
20 0
13 14 12 17 1
9 16 -1
7 18 1
16 -1
20 1
13 16 -1
20 1
15 1
21 1
20 1
14 16 1
19 1
12 22 -1
11 21 1
12 21 1
12 22 -1
4 13 22 -1
17 1
20 1
17 -1
11 17 -1
17 -1
20 1
18 -1
13 17 -1
13 19 0
20 1
13 21 1
18 0
13 23 -1
13 18 1
12 18 1
19 1
11 16 -1
19 -1
20 1
18 -1
17 -1
10 14 21 1
8 13 16 -1
11 21 1
21 1
20 1
14 15 -1
16 19 1
15 -1
11 18 1
14 24 -1
14 16 1
18 -1
12 22 -1
20 1
19 -1
18 -1
18 -1
17 1
7 15 1
16 -1
6 16 1
14 20 1
12 22 -1
16 -1
20 1
12 22 -1
14 19 1
15 -1
12 17 1
10 13 23 -1
7 18 0
20 -1
16 19 -1
19 1
20 0
20 0
16 -1
10 12 15 1
8 18 -1
17 1
19 1
20 1
12 22 -1
15 -1
12 20 1
14 24 -1
9 13 21 1
13 14 19 0
16 15 1
16 -1
13 19 0
12 22 -1
20 1
12 19 1
7 16 -1
11 16 1
19 1
14 24 -1
9 13 23 -1
12 22 0
5 12 22 -1
21 0
8 16 -1
14 17 0
13 14 20 1
16 -1
16 -1
19 0
19 0
11 14 15 1
19 0
19 1
14 17 1
17 1
14 24 -1
13 15 -1
10 20 1
19 -1
19 -1
18 1
19 1
10 13 21 1
15 0
11 20 1
18 -1
11 19 1
6 11 13 15 1
21 1
10 20 1
15 15 -1
17 -1
18 -1
11 19 -1
12 20 1
18 1
15 -1
14 21 1
14 20 1
19 1
8 10 21 1
12 15 15 1
18 1
13 23 -1
9 16 -1
12 13 23 -1
15 -1
16 -1
13 21 1
14 18 1
7 13 16 -1
11 13 20 1
16 -1
10 20 1
11 21 0
17 -1
15 1
20 1
12 14 15 -1
15 0
16 1
15 1
15 20 1
8 19 1
10 13 22 -1
20 1
16 -1
14 19 1
20 0
20 1
17 -1
16 -1
12 15 -1
17 0
11 17 -1
13 14 18 1
13 14 20 0
12 19 1
14 22 -1
14 21 1
16 -1
18 0
18 1
11 14 20 1
14 21 1
15 1
16 1
13 20 1
15 -1
20 0
14 17 -1
17 -1
11 14 24 -1
21 0
20 0
15 -1
18 -1
15 1
10 20 1
15 -1
8 18 1
13 23 0
12 20 1
21 1
17 -1
17 1
9 19 1
13 21 1
12 14 22 -1
20 1
20 1
14 21 1
14 16 16 -1
15 -1
14 18 1
19 1
7 14 20 1
8 12 14 15 -1
16 -1
8 11 18 0
17 -1
21 1
19 1
10 20 1
20 1
15 -1
20 1
20 0
14 17 1
11 12 17 1
21 1
11 21 1
14 22 -1
9 13 22 -1
15 -1
19 1
21 1
12 21 1
18 1
7 11 17 1
15 -1
16 -1
5 15 1
16 -1
18 1
16 -1
17 -1
13 15 1
16 1
12 13 13 23 0
19 -1
7 17 -1
14 24 -1
16 -1
20 1
18 -1
12 18 -1
7 14 20 1
13 23 0
15 -1
13 21 1
16 14 18 1
8 18 -1
19 1
14 19 1
8 15 -1
14 24 -1
9 16 1
10 21 1
19 0
11 18 1
12 18 1
11 21 1
13 15 -1
20 1
19 1
13 14 24 0
16 -1
12 19 -1
10 17 1
12 22 -1
12 21 1
21 1
13 14 22 -1
11 19 1
18 0
15 -1
15 16 12 19 1
7 15 -1
17 -1
13 12 20 1
18 -1
12 22 -1
8 10 19 1
17 0
18 -1
21 1
14 20 -1
20 -1
20 -1
13 23 -1
13 18 1
10 20 0
15 20 1
16 1
21 1
18 1
16 -1
20 1
19 1
14 24 -1
16 -1
20 1
11 21 1
18 1
12 13 14 24 -1
21 1
12 13 18 -1
12 19 1
13 19 1
7 13 17 -1
10 20 0
17 -1
20 1
14 19 1
14 18 1
21 1
4 14 24 0
19 1
20 1
7 17 -1
13 17 0
17 0
11 16 1
13 18 1
10 20 0
20 1
12 14 20 1
12 20 1
16 18 1
18 -1
20 0
11 20 1
20 1
21 1
18 1
18 -1
12 17 -1
19 1
11 21 0
21 1
19 -1
12 12 16 -1
17 -1
12 22 -1
12 15 15 0
17 -1
10 12 19 -1
20 1
12 21 1
12 22 -1
20 1
17 -1
20 1
14 15 1
14 14 24 0
20 1
21 1
16 1
13 21 1
15 -1
19 0
13 14 14 22 -1
16 -1
16 -1
12 17 -1
19 -1
18 -1
21 0
18 0
16 1
12 17 0
20 1
20 0
11 15 -1
19 1
17 -1
17 -1
17 -1
14 24 -1
12 13 21 1
19 1
12 13 14 17 -1
5 15 1
16 -1
17 -1
15 -1
18 1
11 14 24 -1
16 -1
20 1
15 -1
13 21 1
15 -1
12 22 -1
13 17 -1
15 -1
12 15 -1
13 19 -1
19 -1
14 16 15 -1
12 14 22 -1
17 -1
13 15 -1
19 1
13 21 1
12 22 0
6 13 15 -1
8 12 22 -1
14 22 -1
16 1
13 21 1
19 1
14 24 0
18 1
19 0
14 13 20 -1
20 1
14 24 -1
19 1
20 1
19 1
14 18 1
7 17 -1
21 1
19 1
13 22 -1
14 15 1
14 17 -1
12 16 1
7 18 1
11 16 1
14 15 -1
11 20 1
20 1
20 1
14 18 1
6 16 -1
13 22 -1
15 -1
21 0
15 1
10 20 0
20 0
12 18 0
12 21 1
21 0
20 1
17 0
18 1
7 9 20 0
13 20 1
17 -1
6 14 24 0
11 14 18 1
16 1
9 18 1
18 1
15 12 22 -1
21 0
15 -1
16 -1
18 1
6 16 1
13 23 -1
13 14 23 -1
18 -1
17 -1
14 15 -1
13 23 -1
20 1
12 17 0
14 15 -1
14 17 -1
18 1
15 0
8 11 21 1
12 22 -1
15 1
13 14 22 0
15 16 20 -1
20 1
12 18 1
19 -1
11 14 23 -1
17 -1
20 1
20 0
11 15 -1
20 1
15 -1
19 0
15 -1
13 12 22 -1
11 21 1
16 18 -1
20 1
17 1
13 18 -1
15 -1
11 20 1
9 11 21 1
9 16 -1
12 22 -1
9 15 -1
19 1
4 11 20 0
20 0
19 1
17 1
16 0
13 14 18 0
20 -1
13 12 22 -1
15 -1
13 23 -1
20 0
19 -1
16 21 1
10 16 -1
20 1
14 15 -1
13 23 -1
14 24 -1
13 14 24 -1
14 24 -1
17 -1
18 -1
5 7 17 0
20 0
19 1
20 1
16 -1
21 1
13 18 0
14 24 0
13 21 1
12 19 -1
20 1
18 -1
14 22 -1
18 1
12 22 -1
14 24 -1
12 21 1
6 16 -1
8 16 -1
14 24 0
19 1
13 23 -1
9 18 -1
20 1
21 1
11 15 -1
19 1
13 13 23 -1
12 14 19 1
17 -1
14 24 -1
11 14 24 -1
16 -1
14 24 -1
20 0
12 15 -1
13 14 21 1
16 16 -1
16 16 0
16 -1
19 1
10 20 1
20 1
13 19 1
12 18 1
10 21 1
13 13 16 -1
14 20 1
12 15 -1
15 -1
16 1
21 1
11 17 -1
17 1
18 1
15 -1
19 1
7 10 16 -1
13 18 0
19 1
7 16 0
15 -1
20 1
21 1
9 19 1
18 1
8 12 18 -1
15 -1
12 22 -1
17 0
18 -1
20 0
11 15 -1
15 -1
16 0
15 0
21 1
20 0
17 1
16 -1
12 21 1
11 15 -1
17 1
4 14 24 -1
16 -1
20 1
14 19 0
21 1
12 19 1
21 1
14 16 -1
12 21 1
19 1
15 -1
20 -1
12 21 1
18 1
20 1
10 20 1
11 12 22 -1
8 15 -1
19 1
11 20 1
18 -1
15 -1
8 18 -1
14 24 -1
7 16 1
16 1
20 1
13 23 0
18 1
12 15 15 -1
16 13 17 1
19 0
20 1
17 -1
8 18 -1
16 -1
15 1
13 22 -1
17 -1
18 1
20 1
17 -1
15 -1
9 15 -1
15 -1
6 15 -1
10 20 1
20 -1
14 24 -1
13 16 -1
13 18 -1
21 1
10 20 1
12 19 1
20 1
5 11 21 1
14 24 -1
16 -1
12 16 -1
13 19 -1
8 18 1
11 21 1
20 1
12 13 23 -1
6 14 18 0
20 1
19 1
19 1
15 1
14 24 -1
14 23 -1
21 1
17 1
17 -1
21 1
18 -1
17 -1
18 0
11 12 13 15 1
17 -1
16 -1
16 -1
17 1
16 -1
6 16 -1
19 1
12 22 -1
12 19 1
14 16 -1
15 0
9 19 1
20 -1
12 22 -1
21 1
16 -1
7 17 -1
14 22 -1
12 16 0
11 14 22 0
12 14 16 -1
14 16 -1
17 1
16 1
17 1
12 17 -1
14 20 1
21 1
15 14 21 1
9 18 0
13 16 0
11 18 -1
16 -1
5 15 -1
14 17 1
18 1
9 20 1
16 16 -1
12 22 -1
11 21 1
7 15 0
13 23 -1
12 14 22 -1
7 17 1
9 20 1
12 16 -1
18 0
13 14 20 0
12 17 -1
17 -1
17 -1
16 -1
16 -1
17 -1
17 -1
10 20 -1
16 1
20 1
19 -1
16 -1
13 21 1
20 1
16 1
17 -1
9 14 24 -1
10 17 -1
16 -1
16 16 -1
11 20 1
20 1
15 -1
12 22 -1
17 -1
15 -1
16 -1
19 1
17 -1
15 -1
18 -1
21 1
9 13 19 -1
12 19 1
13 23 -1
14 21 1
16 -1
17 -1
13 20 1
9 16 -1
11 21 1
14 16 1
11 19 -1
20 0
15 -1
19 1
20 -1
11 18 1
7 17 -1
12 12 17 -1
11 13 19 1
12 18 -1
20 1
15 1
9 19 1
18 1
12 19 -1
16 19 1
20 -1
14 17 -1
18 1
14 24 -1
20 1
8 17 -1
8 14 21 1
21 1
12 13 19 1
13 19 1
20 -1
11 17 1
18 1
7 13 23 0
16 -1
11 19 -1
16 0
19 1
13 23 -1
9 19 1
17 1
9 14 17 1
8 16 1
17 1
12 13 18 1
13 23 -1
19 1
8 18 1
18 1
16 12 22 -1
4 10 18 1
21 1
12 20 1
16 1
8 11 17 1
20 0
16 -1
16 -1
18 -1
15 -1
17 -1
13 23 -1
16 -1
15 1
9 12 21 1
19 -1
20 1
6 16 -1
14 24 -1
15 -1
12 16 1
21 1
21 1
18 -1
21 1
5 12 17 1
21 1
16 -1
13 18 -1
19 0
15 -1
8 18 1
10 12 16 -1
15 -1
9 17 -1
19 1
15 -1
18 1
16 -1
13 15 -1
19 -1
16 -1
20 -1
16 1
14 21 1
11 18 -1
18 0
7 13 14 16 -1
19 0
17 -1
9 16 -1
12 22 -1
5 9 14 24 -1
12 22 -1
13 13 17 -1
5 15 -1
19 -1
14 24 -1
16 -1
17 -1
13 21 1
7 17 -1
13 23 -1
20 1
19 -1
10 20 1
10 20 1
20 1
12 22 -1
14 16 1
14 23 -1
16 1
19 1
4 12 22 -1
12 14 21 1
9 17 -1
10 20 1
20 1
14 18 -1
18 1
18 1
18 1
15 1
20 1
16 -1
14 15 -1
13 14 19 1
12 16 1
16 -1
8 18 0
21 1
15 0
10 18 0
12 14 19 1
11 18 -1
6 16 1
14 24 -1
20 0
18 1
13 23 0
21 1
10 20 1
20 1
20 1
16 -1
14 23 0
18 1
20 1
11 13 21 1
20 1
13 15 -1
21 1
13 19 1
20 1
20 1
20 1
12 22 0
15 1
15 -1
20 1
6 16 -1
12 22 0
18 -1
16 1
16 -1
13 21 1
12 22 -1
13 22 0
17 1
13 18 -1
7 16 0
17 -1
12 22 -1
18 0
7 17 1
20 1
15 -1
14 24 -1
14 15 -1
10 20 0
13 17 -1
9 19 0
16 1
14 24 -1
11 12 20 1
20 1
17 1
14 24 -1
20 1
12 14 14 20 1
11 12 22 -1
14 17 -1
13 20 1
17 -1
18 -1
16 -1
10 20 1
16 1
10 20 1
19 -1
14 14 16 -1
18 0
20 1
12 14 23 0
8 11 20 1
21 1
17 -1
13 17 -1
8 12 22 -1
20 1
19 1
20 1
13 22 -1
12 21 1
12 19 0
18 -1
15 -1
17 -1
19 1
10 20 -1
20 1
14 22 -1
15 -1
21 1
13 23 0
19 -1
20 1
20 -1
11 19 -1
19 1
8 10 20 1
21 1
19 1
18 0
12 22 0
10 20 1
11 13 17 -1
9 19 1
12 18 -1
21 1
13 21 1
18 1
18 1
20 1
19 1
20 1
7 13 16 -1
13 17 1
16 0
13 18 -1
14 15 -1
12 14 24 -1
13 18 -1
17 1
12 18 1
13 18 -1
18 -1
17 1
9 19 -1
17 0
16 1
19 0
18 0
10 15 -1
13 21 1
20 1
13 22 -1
18 1
9 14 24 -1
14 20 1
13 19 1
20 1
13 14 22 -1
19 1
12 13 21 1
12 20 1
15 -1
13 18 -1
21 1
8 18 1
14 18 1
13 16 1
9 20 0
16 1
10 20 1
8 10 20 -1
18 1
19 1
9 19 -1
17 -1
20 1
15 -1
16 -1
16 1
15 -1
18 -1
15 -1
9 18 0
9 17 -1
10 20 0
10 19 1
14 23 0
20 0
13 19 0
21 1
16 1
7 17 1
6 10 20 1
8 18 -1
16 -1
13 23 -1
13 17 0
13 23 -1
17 -1
21 1
15 0
19 1
13 14 23 -1
16 -1
6 12 18 1
17 1
12 21 1
17 0
8 18 1
15 -1
21 1
17 -1
11 21 1
12 16 1
13 21 0
11 15 -1
15 -1
17 -1
19 -1
19 1
20 1
20 -1
17 0
13 22 -1
10 20 1
14 23 -1
15 -1
20 1
15 1
15 20 1
17 1
14 24 -1
18 1
19 1
20 1
21 1
18 1
12 20 1
20 1
21 1
15 1
14 18 -1
20 1
10 14 23 -1
17 -1
4 8 18 0
17 1
20 -1
12 22 0
9 19 1
12 22 -1
12 22 0
4 12 20 1
16 -1
7 17 -1
19 1
11 21 1
13 23 -1
13 20 1
19 1
12 22 0
12 22 -1
14 19 1
13 23 -1
17 1
11 18 -1
20 1
12 22 -1
20 0
15 -1
15 -1
20 1
6 16 -1
15 -1
14 19 1
11 21 1
15 -1
12 22 -1
10 20 1
21 1
19 -1
21 0
12 16 1
8 18 1
17 1
19 0
11 17 -1
9 18 -1
10 13 22 0
19 1
12 22 -1
19 1
13 23 -1
14 17 0
17 -1
17 -1
14 18 -1
20 1
17 -1
20 -1
12 22 0
18 1
16 13 23 -1
17 1
20 1
20 1
12 22 -1
12 13 22 -1
10 20 0
21 1
11 21 1
19 -1
12 19 1
14 19 1
20 0
14 24 -1
14 16 1
9 16 1
12 19 1
14 15 -1
18 1
19 -1
19 1
21 1
20 1
13 23 0
4 6 16 1
5 16 20 -1
6 16 1
18 1
21 1
10 12 18 -1
19 1
12 16 -1
12 22 -1
9 17 -1
11 15 -1
12 21 0
16 -1
11 16 -1
20 1
16 1
13 17 1
21 1
12 19 1
20 -1
16 19 -1
9 11 16 1
14 16 0
20 1
11 21 1
16 1
12 14 15 -1
11 17 1
9 17 -1
16 -1
17 1
18 0
21 1
19 1
16 -1
11 18 -1
13 22 -1
12 22 0
20 1
20 1
17 -1
15 -1
11 21 1
9 19 1
16 -1
11 15 -1
13 23 -1
16 -1
15 -1
15 17 -1
21 1
13 15 -1
15 -1
13 18 -1
19 1
12 21 1
18 1
18 -1
18 1
20 1
12 20 1
21 0
14 24 -1
11 18 1
15 1
12 22 -1
17 1
11 17 1
12 17 -1
12 13 21 0
15 -1
14 24 -1
13 23 -1
5 15 -1
16 -1
12 22 -1
16 -1
7 17 -1
17 0
8 19 -1
16 1
20 1
12 16 -1
14 12 14 23 0
20 1
18 -1
14 21 1
16 1
17 -1
20 1
13 22 0
14 16 -1
15 -1
9 18 1
13 19 1
16 1
12 19 1
14 24 -1
7 17 0
13 18 0
9 18 0
7 11 12 17 1
9 19 -1
16 0
6 17 -1
9 19 -1
13 16 -1
14 16 1
12 21 1
16 14 20 -1
14 12 17 -1
9 12 14 24 -1
8 18 -1
15 18 -1
11 20 1
19 1
5 13 23 -1
20 1
21 0
16 -1
13 17 -1
20 1
14 23 -1
20 1
19 1
15 -1
10 17 1
20 0
12 15 1
17 0
16 -1
12 22 -1
21 1
13 23 -1
16 -1
16 -1
19 1
19 1
8 10 19 1
15 -1
17 -1
20 1
12 20 1
18 0
13 23 -1
19 1
8 17 1
18 1
14 24 -1
19 1
18 1
20 1
9 19 1
13 15 -1
20 -1
13 22 0
8 15 1
12 22 -1
15 1
8 14 16 -1
20 1
15 -1
8 18 1
6 9 17 0
13 14 24 -1
6 10 15 -1
10 14 24 -1
14 14 22 -1
13 13 23 -1
17 -1
17 -1
18 1
17 -1
16 -1
13 22 -1
5 15 -1
9 17 1
18 -1
15 -1
9 20 0
16 16 1
4 15 20 1
18 -1
20 1
18 1
12 21 1
15 -1
18 -1
18 1
9 20 1
14 20 1
12 22 -1
15 -1
13 17 1
14 15 -1
17 -1
20 -1
13 23 -1
17 -1
15 -1
10 20 1
15 -1
13 16 -1
14 14 24 -1
16 -1
9 19 0
19 -1
14 15 -1
13 14 24 -1
21 1
17 -1
17 -1
15 -1
17 -1
11 21 0
13 22 -1
16 -1
21 1
8 19 -1
19 1
12 12 17 1
9 20 1
16 20 1
13 14 16 -1
17 1
11 17 1
14 20 1
21 1
12 18 1
18 1
20 0
19 -1
20 1
14 24 -1
12 13 18 1
21 1
14 24 0
13 17 1
15 -1
13 15 1
7 14 22 -1
14 24 -1
15 -1
18 1
14 24 0
15 -1
17 -1
17 -1
16 0
20 0
18 1
12 14 20 -1
14 24 -1
20 1
8 15 -1
12 22 -1
19 1
10 18 0
20 1
14 15 0
13 21 1
20 -1
12 16 17 1
20 1
9 19 1
16 -1
18 1
12 22 -1
21 1
20 1
20 1
16 0
18 -1
11 12 15 -1
9 16 0
21 1
13 18 1
19 -1
8 10 16 0
4 11 21 1
18 1
14 24 -1
21 1
9 20 0
15 0
13 23 0
18 -1
17 1
20 1
9 11 18 1
15 -1
20 1
19 -1
17 -1
17 -1
19 0
17 -1
11 17 -1
8 18 -1
21 1
19 -1
6 16 1
15 -1
19 -1
20 -1
14 23 0
16 -1
20 1
7 17 0
13 23 -1
21 1
12 19 -1
12 15 -1
13 23 -1
12 14 24 -1
17 1
11 13 15 -1
7 11 21 0
7 18 1
14 16 -1
12 19 1
15 18 -1
9 18 1
12 15 1
20 0
19 1
21 1
18 1
21 1
19 -1
14 24 -1
15 -1
19 0
18 -1
14 21 1
15 -1
19 1
16 15 1
13 15 15 -1
20 -1
13 20 1
10 19 -1
20 1
10 13 18 1
7 18 -1
13 23 -1
10 14 22 -1
19 1
14 23 -1
14 24 -1
12 19 1
13 16 20 -1
14 22 -1
7 18 1
18 -1
12 22 -1
15 18 1
20 0
8 17 -1
15 -1
12 21 1
7 9 20 1
17 -1
18 -1
18 1
13 23 -1
20 1
8 14 24 -1
14 24 -1
20 1
16 -1
20 -1
14 19 1
16 -1
15 -1
21 1
21 1
12 21 1
18 1
8 15 -1
19 -1
20 1
17 0
10 21 1
5 15 1
16 0
5 13 23 -1
17 0
18 -1
20 1
16 20 1
14 12 22 -1
20 1
21 1
12 21 1
12 22 -1
9 19 1
16 -1
17 1
14 19 1
10 20 1
12 15 -1
21 0
13 15 0
18 1
13 20 1
8 10 17 1
20 1
20 1
10 14 15 -1
6 8 16 -1
13 21 1
11 21 1
12 22 -1
16 -1
19 1
10 20 1
20 1
11 12 17 -1
5 15 -1
18 1
17 1
17 -1
11 12 22 0
15 -1
12 22 -1
18 -1
6 15 1
14 24 -1
16 -1
15 -1
21 1
11 17 0
20 1
15 0
17 1
12 22 -1
15 13 16 -1
11 21 1
13 23 -1
14 17 0
12 21 1
11 21 0
14 24 -1
15 -1
15 1
15 1
8 18 1
13 14 18 -1
8 19 -1
17 1
19 -1
5 12 21 1
6 16 -1
20 1
17 -1
18 -1
11 17 -1
17 1
14 14 21 0
14 23 0
15 -1
21 1
14 22 0
6 14 24 -1
20 1
8 14 19 1
16 1
20 1
14 14 17 -1
21 1
18 1
18 1
15 18 0
5 16 21 1
19 1
9 15 -1
12 17 1
20 1
13 23 -1
18 -1
21 0
21 1
16 0
12 19 1
18 1
5 9 12 22 -1
11 16 -1
18 1
19 1
13 20 1
21 1
11 21 1
15 -1
16 1
11 13 19 -1
18 1
20 1
20 1
11 21 1
14 18 -1
20 1
10 15 -1
17 -1
21 1
16 -1
13 14 17 -1
15 -1
21 1
12 14 24 -1
4 14 20 1
12 14 24 -1
12 13 23 -1
14 24 -1
15 -1
17 -1
13 22 -1
16 0
17 -1
15 -1
16 12 22 -1
8 18 -1
18 1
15 -1
5 13 15 -1
15 17 -1
18 -1
20 1
15 -1
21 1
19 1
13 13 23 -1
19 -1
20 1
20 1
17 -1
13 22 -1
13 23 0
12 19 -1
16 -1
14 24 0
11 14 24 -1
20 1
12 21 1
13 20 -1
19 -1
13 16 1
12 22 -1
20 1
21 1
19 1
8 10 14 19 -1
20 -1
21 1
15 12 15 -1
15 -1
19 0
13 14 16 -1
14 17 1
18 1
17 1
18 -1
12 20 1
14 20 0
16 -1
14 24 0
17 -1
15 -1
12 18 0
13 18 1
12 13 16 -1
20 1
17 -1
11 21 1
17 1
11 14 19 1
13 21 1
13 19 1
14 24 -1
18 1
19 1
12 22 0
20 1
9 16 0
9 14 17 -1
17 0
17 -1
8 18 1
14 24 -1
12 18 -1
16 1
16 17 1
15 1
16 -1
17 -1
17 1
18 -1
10 16 1
14 23 -1
6 12 17 -1
20 1
10 20 1
20 0
12 13 13 16 1
20 1
18 1
20 1
12 22 0
11 16 -1
6 17 -1
19 1
13 23 0
19 1
14 24 -1
20 1
15 1
14 17 -1
12 16 1
16 -1
12 16 19 -1
17 1
17 0
13 23 -1
20 1
19 1
18 1
12 13 23 -1
21 1
12 22 -1
18 1
12 17 -1
14 24 0
9 19 0
18 -1
15 -1
14 24 -1
19 1
10 20 0
18 -1
14 22 -1
8 18 0
9 15 -1
19 1
5 11 18 1
18 0
5 13 15 -1
13 22 -1
19 -1
17 -1
8 16 -1
8 10 16 1
16 -1
13 23 0
18 1
15 1
13 19 1
18 1
12 20 0
7 17 -1
19 0
20 1
6 11 21 1
17 1
16 21 1
8 19 1
16 -1
12 22 -1
12 22 0
20 1
12 22 -1
11 21 1
6 17 0
10 20 -1
19 1
13 13 23 -1
10 17 1
21 1
12 21 1
15 -1
18 -1
19 1
16 1
14 24 -1
14 15 -1
12 22 0
20 0
19 -1
10 15 -1
11 16 -1
12 18 -1
20 1
14 18 -1
16 -1
6 17 0
12 18 1
21 1
15 -1
16 16 -1
21 0
20 1
21 1
12 22 -1
12 22 0
12 14 24 -1
13 23 -1
17 -1
18 -1
21 1
12 14 14 18 -1
11 17 1
14 19 -1
16 -1
20 1
9 13 17 1
7 17 1
5 12 15 -1
4 10 13 23 0
12 16 1
17 -1
17 -1
17 1
15 1
20 -1
7 17 1
12 15 1
14 24 -1
16 19 1
18 -1
16 20 1
20 0
20 0
14 20 1
15 -1
16 -1
11 19 1
15 -1
10 16 1
18 -1
19 -1
13 18 0
12 17 -1
7 17 -1
12 19 1
21 1
16 -1
7 17 -1
12 15 -1
11 14 19 1
13 18 1
15 20 1
8 18 -1
14 20 1
18 -1
13 16 0
13 21 1
12 22 0
20 0
18 1
13 20 1
14 17 0
9 19 1
10 14 22 -1
20 -1
15 -1
18 1
13 13 14 18 1
5 16 21 1
19 0
20 1
17 -1
7 13 22 -1
16 1
20 0
21 1
18 1
6 12 13 15 -1
14 18 1
15 -1
13 23 -1
8 18 1
20 1
4 8 12 17 1
17 -1
12 22 -1
12 18 1
12 12 22 -1
14 23 0
15 -1
20 1
12 18 1
20 1
18 1
17 1
20 -1
19 -1
13 23 -1
5 13 14 24 -1
18 1
9 20 1
17 -1
17 1
20 1
16 1
5 10 13 17 1
18 -1
14 21 1
13 18 -1
17 0
10 15 1
20 0
20 1
19 1
16 -1
14 17 1
16 -1
10 19 -1
13 16 -1
18 1
12 22 -1
15 -1
21 1
15 15 -1
14 14 15 1
20 1
8 19 1
12 14 18 -1
15 15 1
21 1
16 0
18 -1
20 0
18 1
20 1
17 -1
15 -1
13 21 1
15 -1
17 1
9 13 18 1
18 1
15 -1
16 -1
12 22 0
20 1
19 -1
5 15 -1
15 -1
13 23 -1
17 -1
20 1
16 -1
18 1
16 -1
17 -1
18 1
16 -1
20 1
17 -1
7 15 1
13 19 -1
12 21 1
15 1
15 13 23 -1
4 12 15 -1
12 16 -1
13 23 -1
15 -1
14 15 -1
20 -1
17 -1
15 1
14 24 -1
12 19 1
14 13 21 1
12 22 -1
16 -1
5 15 -1
16 -1
18 1
10 19 1
14 22 -1
17 1
16 -1
16 -1
13 23 -1
18 0
18 -1
20 1
15 15 -1
12 22 -1
14 15 1
20 1
16 -1
14 22 -1
12 20 1
20 1
14 17 1
12 17 1
14 24 -1
17 -1
12 14 18 1
19 1
20 0
15 -1
20 0
12 16 1
17 0
13 20 1
20 0
13 19 1
16 19 1
7 17 0
17 -1
12 19 0
12 17 -1
18 1
17 1
17 1
13 20 -1
13 22 0
15 20 1
9 19 0
17 -1
10 17 -1
17 -1
16 0
16 20 1
19 1
20 1
12 15 1
13 23 -1
20 1
16 0
10 13 23 -1
4 9 20 1
13 23 0
16 -1
15 13 15 1
18 -1
15 17 -1
13 23 -1
19 1
14 14 23 -1
5 14 19 -1
19 -1
18 -1
13 19 -1
21 1
12 14 15 -1
19 0
17 -1
12 22 -1
14 17 -1
21 0
20 1
16 -1
15 -1
16 1
20 0
17 -1
16 21 1
20 1
9 12 16 -1
13 23 -1
17 -1
13 14 24 -1
16 -1
12 19 1
21 1
20 0
12 20 1
15 17 -1
9 11 19 -1
20 1
20 1
8 18 1
21 1
15 -1
14 24 0
12 19 -1
13 19 -1
15 -1
18 -1
5 7 10 20 1
11 19 -1
21 1
16 -1
20 1
12 22 -1
13 23 -1
11 16 -1
16 0
15 -1
17 -1
12 17 1
6 10 17 -1
13 23 -1
10 20 1
10 20 1
18 1
18 0
14 24 -1
16 1
15 15 -1
14 21 1
12 22 -1
5 15 1
14 19 -1
13 23 -1
12 22 -1
9 16 -1
18 1
21 0
9 20 1
9 19 1
14 19 -1
13 16 16 -1
15 13 18 -1
7 14 24 -1
7 12 18 -1
8 18 0
11 21 0
17 -1
21 1
13 23 -1
5 11 21 1
10 19 -1
13 22 -1
13 23 -1
19 1
18 1
20 1
12 13 20 1
19 1
10 13 23 0
13 14 16 13 15 -1
14 15 12 20 1
7 17 1
5 12 22 0
15 -1
10 18 1
11 19 -1
12 13 23 -1
17 1
12 17 1
7 15 -1
11 21 1
21 1
11 21 1
19 -1
17 -1
14 15 1
13 22 0
18 0
17 -1
6 13 22 -1
20 0
18 1
15 -1
13 23 -1
20 1
15 -1
20 0
17 1
18 1
17 1
10 20 1
17 -1
20 0
12 13 17 0
14 17 0
19 0
19 -1
12 17 0
17 0
16 13 23 -1
12 19 -1
20 1
5 9 15 -1
13 17 0
21 1
8 18 1
16 -1
17 1
6 13 18 -1
19 -1
19 0
14 19 0
14 17 -1
17 -1
9 19 1
13 15 -1
20 1
14 22 -1
17 1
19 1
5 11 16 -1
20 1
14 17 -1
20 1
18 1
20 1
12 18 1
20 0
16 1
11 16 -1
16 -1
11 17 -1
15 1
20 1
16 14 24 -1
13 19 -1
18 1
13 23 -1
19 -1
17 -1
16 1
20 1
8 15 1
14 24 -1
4 11 19 -1
20 1
17 -1
20 1
13 22 0
13 22 -1
20 -1
20 1
16 -1
12 22 -1
14 14 21 1
15 -1
18 0
12 17 0
17 -1
11 12 16 -1
11 21 1
15 -1
12 19 1
15 -1
11 17 -1
12 17 1
4 15 15 0
19 1
12 18 -1
11 21 1
20 1
17 -1
8 12 13 22 -1
17 -1
19 1
13 15 -1
20 1
13 15 -1
12 16 -1
18 1
9 16 -1
17 -1
19 0
18 1
15 1
15 21 1
16 -1
18 0
9 19 -1
20 1
12 15 -1
10 18 1
20 -1
18 0
16 -1
12 22 -1
21 1
17 -1
15 -1
19 -1
18 -1
19 1
12 14 24 -1
12 16 -1
16 -1
21 1
16 -1
20 1
10 18 1
21 0
18 1
14 15 -1
19 1
17 -1
15 17 1
7 18 -1
15 -1
21 1
12 22 -1
12 20 0
6 10 16 1
14 20 1
11 14 23 -1
17 1
20 1
11 13 17 1
21 0
16 -1
16 -1
20 1
13 17 -1
12 22 0
19 -1
20 0
15 13 23 -1
10 19 1
17 1
21 1
11 20 1
14 22 -1
20 1
13 14 13 20 1
10 17 0
13 21 1
12 20 1
18 -1
20 1
19 1
18 -1
14 17 0
13 17 -1
14 20 1
20 -1
10 13 23 0
20 1
17 -1
14 24 -1
12 20 1
19 0
20 -1
12 15 1
12 19 1
13 18 -1
19 1
12 15 -1
13 15 -1
12 18 1
17 -1
20 1
18 -1
16 -1
12 22 -1
13 20 1
14 17 0
13 23 -1
13 23 -1
21 1
13 18 1
10 14 22 -1
18 -1
13 23 -1
16 -1
17 -1
12 22 -1
21 0
20 0
15 -1
6 16 -1
12 19 -1
21 1
16 1
17 -1
13 18 -1
13 18 -1
17 1
9 19 -1
19 1
17 -1
13 18 -1
18 -1
7 13 15 -1
18 0
11 18 -1
9 16 -1
13 22 -1
15 -1
20 1
20 0
12 13 20 1
15 -1
11 13 23 -1
21 1
13 15 -1
18 1
15 -1
18 -1
20 1
15 14 17 1
16 -1
13 13 16 -1
17 -1
18 1
16 -1
21 1
14 24 0
13 18 0
15 13 19 -1
20 1
9 19 1
17 0
20 1
17 -1
19 1
12 20 1
14 17 1
17 -1
18 0
15 -1
16 0
17 1
19 1
18 -1
20 1
20 1
15 -1
18 1
18 -1
10 13 16 -1
17 1
18 1
10 20 1
16 -1
17 -1
13 20 1
17 1
17 -1
17 -1
15 -1
16 -1
21 1
12 19 1
16 -1
16 16 -1
8 18 1
20 -1
14 16 -1
7 17 -1
21 1
12 18 -1
17 -1
12 15 -1
19 1
10 12 15 1
6 11 12 15 -1
17 1
7 16 0
13 21 1
20 1
9 17 1
16 1
16 -1
14 23 0
17 -1
18 -1
15 14 15 1
13 23 -1
16 1
18 1
15 -1
21 0
20 1
15 -1
8 12 22 0
11 18 1
10 13 15 1
16 13 23 -1
15 -1
16 -1
15 -1
12 18 1
7 14 20 1
10 21 1
20 -1
12 19 1
7 17 -1
21 1
21 1
13 13 19 1
5 8 10 17 -1
17 1
16 -1
16 21 1
21 1
12 22 -1
7 17 -1
15 -1
9 16 -1
13 23 -1
17 -1
9 20 0
19 1
14 16 -1
12 16 1
17 -1
14 22 -1
17 -1
17 -1
18 1
17 0
13 23 0
16 16 1
14 18 1
12 18 -1
16 1
19 0
15 -1
20 1
12 22 -1
15 -1
13 17 1
17 1
5 14 24 -1
12 18 -1
10 17 1
20 1
16 16 1
5 11 19 -1
20 1
10 16 1
16 -1
20 1
12 16 -1
14 24 -1
12 19 0
13 21 1
20 1
17 1
12 17 -1
11 19 -1
15 -1
16 -1
17 1
11 21 1
13 20 1
10 20 0
16 -1
10 21 1
16 16 -1
12 21 1
16 1
11 21 1
13 23 -1
14 18 0
15 -1
14 24 0
14 15 -1
10 21 1
19 1
17 -1
20 1
20 1
20 1
8 10 20 1
17 1
14 16 -1
21 1
10 19 -1
13 13 19 0
15 -1
17 1
16 0
21 1
18 1
13 23 -1
13 15 -1
12 22 0
19 -1
12 22 -1
15 1
14 16 -1
18 0
11 21 1
16 -1
18 -1
12 22 -1
20 1
13 16 1
12 22 0
18 -1
12 22 -1
15 20 1
16 -1
9 20 1
21 1
16 -1
13 13 17 -1
13 15 -1
17 -1
10 20 1
11 21 1
20 1
10 20 -1
20 1
20 1
20 1
13 23 0
12 19 0
18 -1
15 -1
16 -1
13 14 22 0
19 -1
5 7 17 1
19 1
20 1
20 1
8 14 22 -1
21 1
20 1
17 -1
20 1
16 -1
17 1
17 -1
21 1
19 1
19 1
13 21 1
17 -1
16 1
15 15 -1
12 12 22 0
13 21 1
21 1
10 20 1
21 1
17 -1
17 1
15 -1
9 11 20 1
17 1
9 11 13 17 -1
15 1
13 23 0
10 16 -1
11 19 1
16 0
12 16 -1
16 1
13 18 1
18 1
20 -1
8 14 24 -1
21 1
13 18 1
9 19 -1
13 14 23 -1
8 13 20 1
15 1
15 -1
9 15 -1
16 15 -1
15 -1
12 13 20 1
19 1
10 20 1
19 -1
20 -1
20 1
15 -1
17 -1
8 18 0
12 17 1
14 24 -1
21 1
13 14 19 -1
11 19 1
6 16 -1
8 12 19 1
19 -1
10 17 -1
20 1
13 20 1
12 22 -1
6 13 17 0
15 1
21 1
13 14 21 1
15 -1
12 22 -1
6 12 22 -1
17 1
20 1
13 18 -1
18 -1
14 18 0
11 17 -1
6 15 -1
14 24 0
15 14 23 -1
17 1
13 23 0
5 10 20 1
12 13 23 -1
17 1
12 14 24 -1
20 -1
13 22 -1
20 1
11 21 1
20 1
12 19 1
17 -1
17 1
16 -1
14 12 18 0
19 1
10 20 1
10 19 -1
16 1
11 21 1
20 1
18 -1
16 -1
16 -1
17 -1
17 -1
19 1
10 19 1
20 1
13 23 -1
15 -1
20 1
9 19 -1
18 -1
12 14 20 1
20 0
13 15 -1
17 0
17 1
16 1
19 1
21 1
16 0
16 20 -1
19 -1
15 -1
13 23 -1
12 15 -1
16 -1
17 -1
21 1
13 13 23 -1
14 19 -1
13 23 -1
20 -1
15 -1
11 21 1
7 16 1
11 21 1
17 0
17 -1
20 1
17 -1
10 17 1
19 -1
13 21 1
18 0
21 1
20 1
9 14 18 1
10 19 1
18 -1
16 -1
10 20 1
16 -1
18 0
13 23 0
16 -1
11 17 -1
7 17 0
13 23 -1
14 21 0
14 20 0
18 1
8 14 20 1
9 16 1
15 1
9 19 1
15 -1
20 -1
19 1
5 14 21 1
19 1
15 1
17 -1
14 24 0
16 18 1
11 15 1
16 16 0
19 1
17 1
20 1
4 14 24 -1
12 19 0
19 1
14 24 -1
16 16 1
18 1
21 1
13 22 -1
18 1
8 18 1
13 23 -1
15 -1
17 -1
11 13 23 -1
5 9 12 13 18 1
12 22 0
14 22 -1
7 17 1
6 15 -1
12 18 0
8 13 23 -1
10 20 1
20 1
16 -1
14 24 -1
19 1
17 -1
10 21 1
18 1
13 19 1
15 1
15 -1
13 19 1
14 18 1
9 12 16 -1
9 19 -1
15 -1
7 9 14 24 -1
14 12 20 1
10 13 19 -1
21 1
17 -1
17 -1
13 21 1
14 24 -1
15 -1
17 -1
17 -1
12 16 -1
16 1
12 20 1
17 -1
20 1
13 22 -1
12 22 0
21 1
20 1
18 1
18 1
9 14 24 -1
15 -1
14 21 1
14 17 0
12 19 0
8 11 20 1
16 1
15 15 1
13 16 12 13 14 22 -1
12 18 1
15 -1
14 24 0
17 1
19 0
11 18 0
12 16 -1
12 16 -1
16 1
19 0
12 19 -1
7 17 -1
17 -1
12 21 0
10 16 -1
18 0
12 22 -1
18 1
12 13 21 1
18 1
17 -1
18 -1
16 13 21 1
11 21 1
15 -1
17 1
16 -1
21 1
14 24 -1
13 23 0
21 1
16 -1
14 24 -1
20 1
9 11 12 16 1
18 -1
20 0
14 24 -1
15 13 15 1
17 -1
17 1
12 20 1
13 23 -1
14 22 -1
7 14 19 1
14 12 22 -1
13 14 20 1
12 22 0
17 1
20 -1
18 1
13 18 -1
14 19 -1
19 0
20 1
17 1
21 1
17 1
20 1
15 1
16 -1
12 19 1
17 1
16 -1
14 23 -1
20 1
14 19 -1
10 20 1
14 21 1
13 21 1
18 1
16 1
15 -1
16 0
7 17 -1
15 1
12 17 1
12 18 1
12 22 -1
11 19 1
21 1
6 16 -1
10 15 -1
19 -1
18 0
13 20 1
18 0
8 18 -1
13 15 1
13 23 -1
10 20 1
4 14 15 -1
9 19 1
12 22 -1
20 1
12 22 -1
20 1
17 -1
12 22 -1
18 0
17 -1
13 18 1
14 24 0
11 15 1
13 23 0
14 15 1
20 1
17 1
14 20 1
20 0
8 16 -1
15 -1
15 15 -1
13 13 19 -1
10 20 1
17 -1
20 0
14 24 -1
18 1
13 18 1
18 1
17 0
20 1
9 12 16 1
19 1
15 1
13 21 1
14 14 24 -1
20 1
12 16 -1
15 -1
17 -1
14 22 0
15 1
12 22 -1
20 1
19 1
6 8 14 18 1
11 16 -1
16 -1
12 15 1
14 16 1
13 18 -1
19 1
14 24 0
17 -1
13 13 17 1
20 0
13 17 1
13 19 -1
16 -1
12 18 1
15 -1
9 13 17 -1
14 21 1
16 -1
13 23 -1
14 21 1
18 -1
11 14 22 -1
16 15 1
14 24 -1
14 24 -1
11 16 -1
12 22 -1
19 1
9 12 18 0
12 16 1
13 19 -1
9 13 18 1
21 1
13 19 -1
9 17 -1
13 18 -1
18 0
13 23 -1
9 12 19 1
14 24 -1
17 -1
20 1
19 -1
17 1
19 1
8 18 -1
13 16 -1
17 1
6 8 18 1
12 20 1
15 -1
17 1
16 0
9 13 15 -1
20 -1
8 14 24 -1
19 -1
10 20 -1
18 -1
17 1
12 13 14 21 0
10 15 -1
13 20 1
20 0
13 14 15 -1
20 1
17 1
6 11 21 1
16 -1
10 20 1
15 1
20 0
13 16 -1
12 12 22 -1
18 1
17 -1
18 1
14 16 1
4 10 17 -1
20 1
13 19 1
13 23 -1
7 17 1
15 17 -1
17 1
17 -1
11 21 1
13 23 -1
11 16 0
13 14 19 1
21 1
14 24 0
13 14 15 1
14 16 1
5 14 19 0
15 -1
20 1
13 14 24 -1
11 12 19 1
12 22 -1
9 13 19 1
16 -1
19 -1
19 1
16 16 1
12 12 20 1
15 -1
21 1
14 19 1
12 22 0
18 1
20 1
10 20 1
17 1
18 1
14 24 -1
16 -1
18 1
12 19 0
17 -1
8 15 1
13 18 0
12 14 24 -1
19 -1
19 1
15 -1
14 24 -1
13 16 -1
15 -1
11 12 22 -1
12 20 1
15 13 16 -1
14 18 1
20 1
16 15 1
10 12 22 0
12 12 20 1
14 19 1
18 -1
13 18 -1
12 22 -1
11 13 20 1
12 13 14 23 -1
9 13 20 1
13 18 -1
18 -1
8 14 24 0
9 17 -1
8 12 22 -1
13 21 1
21 1
14 22 -1
13 23 0
12 18 1
13 17 -1
20 1
18 -1
12 20 1
16 -1
17 1
12 13 18 -1
21 1
7 15 1
21 0
15 1
16 1
10 13 18 1
6 16 -1
11 21 0
18 0
13 16 1
13 17 -1
6 12 17 1
20 1
16 1
18 -1
16 1
15 -1
17 -1
19 -1
18 1
15 1
9 20 1
19 1
13 16 -1
12 22 -1
16 -1
8 18 1
17 -1
11 21 1
8 18 0
19 -1
14 24 0
14 17 1
9 20 0
20 1
20 1
21 1
18 0
13 17 -1
13 20 1
12 21 1
18 1
12 18 -1
13 19 1
12 18 1
17 1
7 16 1
20 1
13 18 -1
12 15 -1
12 20 1
12 22 -1
20 1
17 -1
18 1
19 1
16 -1
21 1
16 19 0
10 13 17 -1
15 -1
15 -1
18 1
14 19 -1
17 -1
13 22 -1
19 1
12 17 -1
9 19 -1
12 19 1
8 18 1
20 1
6 16 -1
13 17 1
13 18 -1
5 15 -1
18 1
13 23 0
18 -1
17 0
12 22 -1
19 1
15 15 1
10 14 17 -1
12 15 1
13 19 1
17 -1
14 15 -1
19 -1
13 13 22 -1
17 0
12 20 1
15 -1
15 -1
20 1
19 -1
14 16 -1
18 1
17 -1
18 -1
5 10 21 1
15 0
18 0
17 1
12 22 -1
15 15 -1
16 -1
16 13 21 1
11 21 1
14 24 -1
4 13 19 1
16 1
18 0
13 15 -1
11 21 1
20 0
12 18 1
8 11 12 18 -1
19 1
14 23 -1
12 19 -1
13 23 -1
4 13 17 -1
18 1
20 -1
14 21 1
19 1
20 1
16 -1
17 0
16 1
11 19 1
11 16 -1
15 -1
15 -1
8 13 17 1
18 -1
9 19 -1
20 1
20 1
21 1
15 -1
13 20 1
18 -1
10 15 -1
14 24 -1
15 -1
16 1
20 1
5 15 -1
13 20 1
9 17 0
12 22 -1
17 -1
6 8 14 24 -1
21 0
5 11 13 16 1
18 -1
12 18 -1
11 21 0
10 13 21 1
5 15 -1
21 1
11 15 1
12 22 -1
14 19 1
6 16 -1
17 1
12 16 -1
21 1
6 8 19 1
17 -1
15 -1
4 9 19 1
19 -1
19 1
11 16 -1
13 15 16 17 1
11 21 1
18 1
17 -1
21 0
15 -1
15 1
13 19 1
16 -1
15 -1
6 8 10 16 0
18 1
15 18 -1
19 1
20 0
14 21 1
8 18 -1
17 -1
9 13 17 -1
18 0
11 12 20 0
14 15 -1
13 17 1
13 18 -1
13 17 -1
16 0
15 -1
13 17 1
17 1
16 -1
15 -1
6 16 -1
16 -1
6 12 22 -1
21 1
16 -1
16 -1
20 1
14 24 0
15 -1
13 18 1
12 18 0
14 21 1
20 0
19 -1
14 21 0
11 20 1
15 18 1
20 -1
18 -1
13 23 0
10 15 -1
14 24 0
19 -1
20 1
19 1
20 1
7 17 1
13 18 1
12 22 -1
12 14 15 -1
10 21 1
20 1
16 -1
20 -1
19 1
8 19 -1
5 15 -1
8 18 -1
21 1
13 23 0
17 0
18 1
13 23 -1
19 -1
9 19 0
21 1
16 1
17 -1
14 15 -1
9 20 0
11 21 1
13 23 0
12 22 -1
13 23 -1
9 14 18 -1
14 24 -1
20 1
12 18 1
19 -1
16 -1
11 14 21 1
11 14 24 -1
12 13 14 17 1
8 17 -1
15 1
18 -1
12 22 -1
17 -1
14 24 -1
15 -1
14 23 -1
